150
176
234
287
288
170
299
169
107
29
294
171
24
291
231
289
110
172
177
166
174
35
45
233
178
203
292
42
196
40
168
109
33
38
197
32
257
26
179
39
31
126
5
23
115
36
285
41
143
68
164
221
232
286
119
46
55
141
296
244
295
18
276
202
152
213
229
15
259
34
167
258
154
274
208
273
19
25
114
44
283
200
153
266
198
220
111
207
235
22
136
255
180
222
281
239
101
66
105
226
250
261
49
124
206
248
270
2
263
205
237
184
267
279
269
63
59
60
125
112
72
210
76
67
298
238
217
254
268
52
103
158
245
144
247
61
122
127
132
189
280
28
242
256
121
17
227
131
156
284
193
159
230
133
90
135
214
54
163
223
37
56
78
51
57
80
4
185
118
93
8
16
95
243
251
47
240
84
162
77
120
134
155
3
260
137
79
183
216
50
181
11
192
277
123
194
96
91
94
130
253
85
219
7
241
65
9
102
157
6
190
138
215
147
69
48
145
140
106
81
249
272
53
262
282
264
104
83
252
265
146
211
64
62
224
86
87
71
149
88
